 0.000 
 3.955 
 2.988 
 3.297 
 3.537 
 2.893 
 2.927 
 3.125 
 3.821 
 3.223 
 0.000 
 0.000 
 0.000 
 3.651 
 0.000 
 0.000 
 1.989 
 0.724 
 0.000 
 0.000 
 0.000 
 0.000 
 0.000 
 0.992 
 0.000 
 0.000 
 0.000 
 0.000 
 0.000 
 0.000 
 2.034 
 0.000 
 0.000 
 0.000 
 0.000 
 0.000 
 0.000 
 0.000 
 0.000 
 0.000 
 0.000 
 0.000 
 0.000 
 0.000 
 0.000 
 0.000 
 0.000 
 0.000 
 0.000 
 3.013 
 0.000 
 0.000 
 0.000 
 0.000 
 0.000 
 3.904 
-0.549 
 0.479 
 0.000 
 0.000 
 0.000 
 2.291 
 0.000 
 0.000 
 0.000 
 0.000 
 0.000 
 4.236 
 0.000 
 0.000 
 0.000 
 0.000 
 0.000 
 0.000 
 0.000 
 0.000 
 2.682 
 0.000 
 0.000 
 0.000 
 0.000 
 0.000 
 0.000 
 0.000 
 0.000 
 0.000 
 0.000 
 0.000 
 2.621 
 0.000 
 0.000 
 0.000 
 0.000 
 0.118 
 0.000 
 0.000 
 3.149 
 0.000 
 0.000 
 0.000 
 0.000 
 0.000 
 3.086 
 0.000 
 0.000 
 0.000 
 0.000 
 0.000 
 4.059 
 0.000 
 0.000 
 0.000 
 0.000 
 0.000 
 0.000 
 0.000 
 2.457 
 0.000 
 0.000 
 0.000 
