1.521
90
65
75
85
35
10
30
15
10
0.819
2.535
1.053
10
0.975
0.484
45
25
0.55
0.594
1.254
0.374
0.462
5
0.462
1.43
0.594
0.836
0.55
19.044
145
3.45
3.726
7.866
2.346
2.898
4.278
2.898
8.97
3.726
5.244
3.45
8.281
2.275
2.457
5.187
1.547
1.911
2.821
35
5.915
2.457
3.458
2.275
0.625
80
5
20
0.525
0.775
0.525
20
0.675
0.95
0.625
0.729
1.539
55
0.567
0.837
0.567
1.755
0.729
1.026
0.675
3.249
15
1.197
1.767
1.197
3.705
1.539
2.166
1.425
0.289
0.357
0.527
0.357
10
0.459
0.646
0.425
0.441
5
0.441
1.365
40
0.798
0.525
0.961
0.651
2.015
75
1.178
0.775
0.441
1.365
0.567
55
0.525
4.225
1.755
2.47
1.625
0.729
1.026
25
1.444
0.95
0.625
