 0.000 
 3.970 
 3.011 
 3.319 
 3.600 
 2.799 
 2.957 
 3.204 
 3.862 
 3.256 
 0.000 
 0.000 
 0.000 
 3.669 
 0.000 
 0.000 
 1.962 
 0.725 
 0.000 
 0.000 
 0.000 
 0.000 
 0.000 
 0.991 
 0.000 
 0.000 
 0.000 
 0.000 
 0.000 
 0.000 
 2.051 
 0.000 
 0.000 
 0.000 
 0.000 
 0.000 
 0.000 
 0.000 
 0.000 
 0.000 
 0.000 
 0.000 
 0.000 
 0.000 
 0.000 
 0.000 
 0.000 
 0.000 
 0.000 
 3.036 
 0.000 
 0.000 
 0.000 
 0.000 
 0.000 
 3.925 
-0.700 
 0.416 
 0.000 
 0.000 
 0.000 
 2.310 
 0.000 
 0.000 
 0.000 
 0.000 
 0.000 
 4.255 
 0.000 
 0.000 
 0.000 
 0.000 
 0.000 
 0.000 
 0.000 
 0.000 
 2.692 
 0.000 
 0.000 
 0.000 
 0.000 
 0.000 
 0.000 
 0.000 
 0.000 
 0.000 
 0.000 
 0.000 
 2.655 
 0.000 
 0.000 
 0.000 
 0.000 
 0.117 
 0.000 
 0.000 
 3.180 
 0.000 
 0.000 
 0.000 
 0.000 
 0.000 
 3.121 
 0.000 
 0.000 
 0.000 
 0.000 
 0.000 
 4.054 
 0.000 
 0.000 
 0.000 
 0.000 
 0.000 
 0.000 
 0.000 
 2.507 
 0.000 
 0.000 
 0.000 
